12
0.125
1.0 
-1.09544511501033 2.19089023002 
-0.383482494423685 -4.60178993308423 4.60178993308 
4.21095723132162 -2.49098878472549 -17.7927770337533 11.8618513558 
-10.8206437900254 46.3957771443846 -10.4277153842447 -71.9361235202825 35.9680617601 
20.8625986132946 -178.104092194515 351.180912952786 -40.9347021318286 -289.778859755081 115.911543902 
-34.8607941039011 476.307513306161 -1799.53761588679 2258.92126825379 -160.613291857619 -1162.61681072350 387.538936908 
53.2473964132529 -1050.99383953642 6143.16533544434 -14462.5259789726 13222.6164980838 -633.032329411333 -4656.01426980181 1330.28979137 
-76.4087157343794 2046.74925192845 -16817.3813665527 59991.6948895675 -101464.107343647 72720.0249778910 -2503.53016237077 -18631.2669953310 4657.81674859 
104.701050321431 -3645.80211551175 39766.6003081203 -195910.405463357 495046.340694704 -650102.747093889 382526.485974630 -9925.10589588367 -74526.1307724198 16561.3622798 
-138.459908223664 6070.93454263356 -84531.6178407496 544610.489098259 -1877067.71058944 3645613.41038453 -3902864.62426965 1946034.81360027 -39416.8323313843 -298061.053725108 59612.1923001 
178.052505464686 -9590.63518942011 165619.269287171 -1344845.95279584 5996358.72217530 -15739109.2239659 24729120.3702235 -22312849.7816217 9647140.87264218 -156741.670053548 -1192224.83189924 216766.791407 
-220.608983031355 14314.4619777566 -299839.089793451 2987042.44762922 -16630138.2170936 56013957.5871847 -118109940.466659 155481011.353133 -121136994.347680 46219493.1367126 -617367.440226483 -4705897.49133112 784357.673456 
0.0 2.19089023002 -4.60178993308423 6.40539973215118 -7.55631549582734 8.52902602293684 -9.40805561006336 10.2161923789374 -10.9672326396362 11.6712979514416 -12.3362438556495 12.9720217532300 -13.3867706952505 
0.0 2.19089023002 4.60178993308422 6.40539973215122 7.55631549582864 8.52902602294503 9.40805561009592 10.2161923784564 10.9672326236862 11.6712955391547 12.3361132367260 12.9688581587440 13.4147753955821 
